16.722108896	1105.47448549	0.0
16.4247379861	1104.95544252	0.0
16.7314301098	1105.49853334	0.0
17.0094662256	1106.01305971	0.0
17.3380222862	1106.62219056	0.0
17.7094975057	1107.32800112	0.0
18.0093231749	1107.89916811	0.0
18.3158035827	1108.42724427	0.0
18.5690861301	1108.87731752	0.0
18.8664188935	1109.40026674	0.0
19.2043247776	1109.99072084	0.0
19.5167522982	1110.54150209	0.0
19.8262024484	1111.08801088	0.0
20.0811253151	1111.53893861	0.0
20.5367241451	1112.34557924	0.0
20.9245987487	1113.0307599	0.0
21.2982712351	1113.69067201	0.0
21.5911846713	1114.21386537	0.0
22.0794334964	1115.0809308	0.0
22.5207729888	1115.8634015	0.0
22.8573990412	1116.45446596	0.0
23.3420563294	1117.31493959	0.0
23.786480006	1118.16454896	0.0
24.2027912693	1118.97228822	0.0
24.669031199	1119.88220033	0.0
24.669031199	1121.03344545	0.0
25.2513619013	1121.03344545	0.0
25.7558937625	1122.03185854	0.0
26.0317040033	1122.54894838	0.0
26.8677349631	1124.06896791	0.0
27.3264523107	1124.88989076	0.0
28.0525398806	1126.17663392	0.0
28.0525398806	1127.31738099	0.0
28.7020741063	1127.31738099	0.0
29.3513947089	1128.45287904	0.0
30.050161416	1129.67370424	0.0
30.6696758821	1130.75451478	0.0
31.279342706	1131.82360658	0.0
31.8683605746	1132.85204896	0.0
32.6506691526	1134.21801576	0.0
33.1726723257	1135.12792787	0.0
33.963417109	1136.50414857	0.0
34.6644211356	1137.72204408	0.0
35.2898865285	1138.80798158	0.0
35.9735222411	1139.99426088	0.0
36.7183342535	1141.28869447	0.0
37.3692741951	1142.42370424	0.0
37.3692741951	1143.49267397	0.0
37.9836655214	1143.49267397	0.0
38.6346436106	1144.65026674	0.0
39.3757668099	1145.980589	0.0
39.8520508357	1146.83227357	0.0
40.5736847474	1148.1199933	0.0
41.1690369204	1149.17992983	0.0
41.8112412041	1150.32775697	0.0
42.4764137819	1151.51354798	0.0
43.1495590755	1152.71801576	0.0
43.7921219421	1153.86889467	0.0
44.464443261	1155.07494936	0.0
45.093341882	1156.19958314	0.0
45.6868286687	1157.2639142	0.0
46.46402746	1158.65478334	0.0
47.1445427501	1159.87475404	0.0
47.7550545299	1160.96764955	0.0
48.4652786811	1162.2416974	0.0
48.9738045282	1163.15344057	0.0
48.9738045282	1164.61584291	0.0
49.7897377553	1164.61584291	0.0
50.3805924012	1165.6734601	0.0
50.6319313592	1166.12280092	0.0
51.3915367673	1167.47875795	0.0
52.1084747869	1168.75695619	0.0
52.7696953363	1169.93749818	0.0
53.5023613537	1171.24450502	0.0
54.3622894846	1172.77978334	0.0
54.9085236156	1173.75744447	0.0
55.5316925605	1174.86913881	0.0
55.5316925605	1176.16625795	0.0
56.2573128297	1176.16625795	0.0
56.839935357	1177.20812807	0.0
57.6979942863	1178.74328432	0.0
58.5636978702	1180.29223451	0.0
59.3307838982	1181.66503725	0.0
60.1221848091	1183.08141908	0.0
60.7744598933	1184.25097475	0.0
61.3380203808	1185.2626935	0.0
62.3619766792	1187.09826478	0.0
63.1558762137	1188.52892885	0.0
63.9328117924	1189.91906556	0.0
64.7705307566	1191.41564759	0.0
65.501686151	1192.72143373	0.0
66.2771759584	1194.105589	0.0
67.2220535834	1195.79247865	0.0
67.2220535834	1196.92187318	0.0
67.854499871	1196.92187318	0.0
68.728843745	1198.4826642	0.0
69.4773865296	1199.81945619	0.0
70.357391413	1201.38720521	0.0
71.1567001886	1202.81237612	0.0
71.9102020806	1204.15551576	0.0
72.1812668394	1204.63879213	0.0
73.3013306217	1206.63732728	0.0
74.1836472117	1208.20690736	0.0
74.9585342958	1209.58178529	0.0
75.850585992	1211.16869936	0.0
76.6752319876	1212.64330873	0.0
77.541420037	1214.19470033	0.0
78.4447937556	1215.80993471	0.0
79.279892023	1217.29980287	0.0
79.9245911202	1218.47289857	0.0
79.9245911202	1220.2293683	0.0
80.8917923534	1220.2293683	0.0
81.5261765072	1221.38305482	0.0
82.465072687	1223.09045229	0.0
83.3248520446	1224.65563783	0.0
84.0554428652	1225.98571596	0.0
84.0554428652	1227.47289858	0.0
84.8740311229	1227.47289858	0.0
85.6689148491	1228.91381654	0.0
86.4960632881	1230.43359193	0.0
87.2558060241	1231.74157533	0.0
88.1249313907	1233.24572572	0.0
88.7726059505	1234.36401186	0.0
89.8116379333	1236.15539369	0.0
90.6607895445	1237.62365541	0.0
91.4501190737	1238.97070131	0.0
92.2714768011	1240.41943178	0.0
93.0142899105	1241.7783185	0.0
93.7896423888	1243.19506654	0.0
94.5158997124	1244.52587709	0.0
94.9180222111	1245.26196108	0.0
95.982444818	1247.21179017	0.0
96.8560104928	1248.81640443	0.0
97.6468735295	1250.27367982	0.0
98.3581238331	1251.58288392	0.0
99.1444397516	1253.0196515	0.0
99.8854218079	1254.40148744	0.0
100.414276178	1255.4468976	0.0
101.355117853	1257.29174623	0.0
102.074539239	1258.7059308	0.0
102.715721185	1259.9748517	0.0
103.457412775	1261.39880189	0.0
104.000869806	1262.42443666	0.0
104.812133845	1263.96056947	0.0
105.543113764	1265.34228334	0.0
106.153106745	1266.49328432	0.0
107.048172051	1268.1845685	0.0
107.720092828	1269.45129213	0.0
108.460662898	1270.8498517	0.0
109.224998528	1272.2918683	0.0
109.959343011	1273.6746808	0.0
110.355552728	1274.42126283	0.0
111.3600617	1276.31774721	0.0
111.953102167	1277.43566713	0.0
112.87041479	1279.15539369	0.0
113.589363154	1280.59313783	0.0
114.273979242	1281.95727357	0.0
114.987411554	1283.38329897	0.0
115.642898615	1284.69396791	0.0
116.48419195	1286.37304506	0.0
117.293075617	1287.98449525	0.0
118.006813105	1289.39147768	0.0
118.771881158	1290.9403058	0.0
119.405662592	1292.34765443	0.0
120.002594049	1293.67114076	0.0
120.463569696	1294.69970521	0.0
120.855720576	1295.57592592	0.0
121.716018731	1297.49780092	0.0
122.221054131	1298.60864076	0.0
122.883216912	1300.17407045	0.0
123.382476862	1301.48278627	0.0
123.825050408	1302.63952455	0.0
124.317611749	1303.93652162	0.0
124.892524775	1305.45068178	0.0
125.377716119	1306.73132142	0.0
125.866661127	1308.02416811	0.0
126.371727044	1309.35680971	0.0
126.959945734	1310.9078351	0.0
127.48180395	1312.29369936	0.0
127.879463251	1313.3474103	0.0
128.573593193	1315.15832338	0.0
128.934570367	1316.16845521	0.0
129.457748469	1317.64929017	0.0
129.94184881	1319.01891908	0.0
130.380050714	1320.26916322	0.0
130.853103692	1321.61962709	0.0
131.294265801	1322.87817201	0.0
131.674469049	1323.96349916	0.0
132.116958672	1325.19494447	0.0
132.116958672	1326.67394838	0.0
133.009033257	1327.98364076	0.0
133.359741265	1329.13244447	0.0
133.707901056	1330.39526185	0.0
133.994537408	1331.66039857	0.0
134.251113947	1332.87035951	0.0
134.550796563	1334.2717267	0.0
134.779098566	1335.46801576	0.0
134.919769342	1336.41088686	0.0
135.177642877	1338.07287416	0.0
135.316650446	1338.98412904	0.0
135.532058772	1340.34057436	0.0
135.702453667	1341.51464662	0.0
135.843200739	1342.77026186	0.0
135.912979181	1343.86938295	0.0
135.980468806	1344.87341127	0.0
136.050048883	1345.97558412	0.0
136.109512385	1346.81188783	0.0
136.158783014	1348.3687726	0.0
136.181976372	1349.183714	0.0
136.217697199	1350.56811342	0.0
136.244445856	1351.69274721	0.0
136.269805963	1352.76000795	0.0
136.296005305	1353.90307435	0.0
136.337799127	1355.04223451	0.0
136.375381526	1356.14111147	0.0
136.4205628	1357.42944155	0.0
136.461776789	1358.59118471	0.0
136.482711847	1359.18554506	0.0
136.508148248	1359.91137514	0.0
136.558746392	1361.32482728	0.0
136.606506402	1362.69347963	0.0
136.650344903	1364.18981752	0.0
136.703903253	1365.20214662	0.0
136.703903253	1366.38708314	0.0
136.808700617	1367.25707826	0.0
136.896225031	1368.91845522	0.0
136.95292669	1370.02563295	0.0
137.029861506	1371.46154604	0.0
137.083969172	1372.48437318	0.0
137.157608088	1373.97949037	0.0
137.223037775	1375.17492494	0.0
137.325256403	1376.2816144	0.0
137.424987848	1377.42712221	0.0
137.535934504	1378.73888978	0.0
137.675109918	1379.85864076	0.0
137.7769013	1380.723631	0.0
137.937896784	1382.06994447	0.0
138.077407891	1383.22143373	0.0
138.250213677	1384.64831361	0.0
138.360595758	1385.56225404	0.0
138.502594049	1386.73412904	0.0
138.690734919	1388.28637513	0.0
138.821243341	1389.36059389	0.0
138.974304255	1390.62267885	0.0
139.10263067	1391.67529115	0.0
139.257629449	1392.92309389	0.0
139.372329767	1393.81762514	0.0
139.475036677	1394.90771303	0.0
139.516647393	1397.49413881	0.0
139.825027521	1398.35571107	0.0
139.941635186	1399.97289858	0.0
140.006149348	1400.81469545	0.0
140.077133233	1401.68395814	0.0
140.167511042	1403.27306947	0.0
140.198593194	1404.10168275	0.0
140.254165705	1405.4995099	0.0
140.285995538	1406.3531476	0.0
140.335586603	1407.69518861	0.0
140.379745538	1408.84741029	0.0
140.419387873	1409.8864728	0.0
140.463684138	1411.04455385	0.0
140.512847956	1412.33569154	0.0
140.554550225	1413.45995912	0.0
140.59455877	1414.74523744	0.0
140.620758112	1415.58019838	0.0
140.656478937	1416.74120912	0.0
140.699661309	1418.14074525	0.0
140.745224053	1419.32031069	0.0
140.750244196	1420.58740053	0.0
140.737655694	1421.71557435	0.0
140.726593072	1422.72057924	0.0
140.706955011	1424.17736635	0.0
140.692688044	1425.21423158	0.0
140.677047784	1426.38329896	0.0
140.657547053	1427.81921205	0.0
140.649795586	1428.40734682	0.0
140.616394098	1430.99133119	0.0
140.599990901	1432.24670229	0.0
140.583938654	1433.48425111	0.0
140.568038994	1434.70019349	0.0
140.548568781	1436.13781557	0.0
140.532501277	1437.4123517	0.0
140.518463189	1438.42126283	0.0
140.495697077	1440.17736635	0.0
140.482025202	1441.23547182	0.0
140.461090143	1442.84594545	0.0
140.443649346	1444.17321596	0.0
140.426498468	1445.48534975	0.0
140.408416802	1446.88659486	0.0
140.388809258	1448.4234601	0.0
140.363937433	1449.77038392	0.0
140.366394098	1451.01965151	0.0
140.37306219	1452.41100893	0.0
140.380127008	1453.78137025	0.0
140.387802179	1455.05102357	0.0
140.397552546	1456.47753725	0.0
140.407714898	1458.04809389	0.0
140.417053277	1459.43481264	0.0
140.427398737	1461.05346498	0.0
140.427398737	1462.4871808	0.0
140.443481501	1463.72204408	0.0
140.451034601	1465.15270814	0.0
140.456634577	1466.23669252	0.0
140.462524469	1467.53600893	0.0
140.46678167	1468.08276186	0.0
140.477966365	1470.50585756	0.0
140.485351618	1471.90466127	0.0
140.49427801	1473.23400697	0.0
140.502029475	1474.7326642	0.0
140.502029475	1476.22900209	0.0
140.521682793	1477.92895326	0.0
140.529846247	1479.23693666	0.0
140.540435846	1480.95849428	0.0
140.521514948	1482.53832826	0.0
140.506759698	1483.93517885	0.0
140.489807183	1485.39245424	0.0
140.469848689	1487.09033022	0.0
140.45230108	1488.58141908	0.0
140.434875542	1490.0665265	0.0
140.409576471	1491.480589	0.0
140.423568781	1492.61120424	0.0
140.442291314	1494.40136537	0.0
140.459960992	1495.88329896	0.0
140.481445368	1497.59008608	0.0
140.501022393	1499.14306459	0.0
140.517410333	1500.44177065	0.0
140.535797173	1501.89025697	0.0
140.553756769	1503.17065248	0.0
140.569900568	1505.03320131	0.0
140.56645208	1506.29101381	0.0
140.556701715	1507.73815736	0.0
140.547851616	1508.83593568	0.0
140.537628228	1510.08202943	0.0
140.521011407	1512.09704408	0.0
140.510467585	1513.38964662	0.0
140.498062189	1514.87682924	0.0
140.48455816	1516.57324037	0.0
140.472824151	1518.05016908	0.0
140.46186834	1519.44824037	0.0
140.450073296	1520.93615541	0.0
140.44273382	1521.85851869	0.0
140.425521905	1524.02343568	0.0
140.412262019	1525.69470033	0.0
140.398880061	1527.4033185	0.0
140.389938409	1528.53820619	0.0
140.375228937	1530.40954408	0.0
140.362945611	1531.95532045	0.0
140.356720026	1532.72997865	0.0
140.356720026	1535.18737611	0.0
140.324874932	1536.65820131	0.0
140.312088067	1538.23583803	0.0
140.299133355	1539.85485658	0.0
140.299133355	1541.79321108	0.0
140.270752009	1543.3946515	0.0
140.261596734	1544.52819642	0.0
140.245544488	1546.51916322	0.0
140.233459528	1548.02844057	0.0
140.217392023	1550.04504213	0.0
140.206146296	1551.48827943	0.0
140.193771418	1553.06689271	0.0
140.182861383	1554.43151674	0.0
140.17749029	1556.06176576	0.0
140.166427666	1556.62975893	0.0
140.115509088	1559.09838686	0.0
140.084610041	1560.6175519	0.0
140.052612361	1562.17480287	0.0
140.020401056	1563.74279603	0.0
139.982650812	1565.5809308	0.0
139.950088556	1567.16076479	0.0
139.9250794	1568.37377748	0.0
139.881439263	1570.53356752	0.0
139.865341242	1571.76147279	0.0
139.865341242	1573.68945131	0.0
139.735488946	1575.26110658	0.0
139.669952448	1576.80590639	0.0
139.602630671	1578.36950502	0.0
139.521575983	1580.25475892	0.0
139.445343073	1582.00964174	0.0
139.382965143	1583.42907533	0.0
139.311203058	1585.08630189	0.0
139.232879695	1586.91271791	0.0
139.179733332	1588.16515932	0.0
139.105972346	1589.87145814	0.0
139.020889337	1591.8321515	0.0
138.961364801	1593.20971498	0.0
138.879241999	1595.11865053	0.0
138.808578547	1596.71435365	0.0
138.743927058	1598.53967103	0.0
138.701248224	1599.71557436	0.0
138.635498102	1601.54662904	0.0
138.57894903	1603.13378724	0.0
138.536514338	1604.32665834	0.0
138.487625178	1605.70202455	0.0
138.424713191	1607.46594057	0.0
138.374939019	1608.85693178	0.0
138.316146905	1610.50475893	0.0
138.247207697	1612.44042787	0.0
138.188079889	1614.09679994	0.0
138.142379816	1615.37536439	0.0
138.075347955	1617.24694643	0.0
138.012191827	1619.03442201	0.0
137.961883599	1620.46325502	0.0
137.897796687	1622.26135072	0.0
137.836319025	1624.10400209	0.0
137.791305597	1625.34045228	0.0
137.672119195	1627.21838197	0.0
137.581420954	1628.77343568	0.0
137.504333551	1629.94006166	0.0
137.305770929	1631.98132142	0.0
137.305770929	1633.64367494	0.0
136.987381037	1635.16418275	0.0
136.843460139	1636.28991518	0.0
136.563995416	1637.97656068	0.0
136.377929743	1639.05200014	0.0
136.377929743	1640.87023744	0.0
135.694519099	1642.24426088	0.0
135.398407037	1643.4312726	0.0
135.048690851	1644.81432924	0.0
134.803405818	1645.80468568	0.0
134.394439751	1647.3153058	0.0
133.998474176	1648.56420717	0.0
133.55448919	1649.99841127	0.0
133.071929985	1651.43774233	0.0
132.355270442	1653.26220522	0.0
131.907440241	1654.31262026	0.0
131.543808039	1655.14294252	0.0
131.027206477	1656.22118959	0.0
130.400878961	1657.42297181	0.0
129.868698175	1658.45434389	0.0
129.318588311	1659.51586732	0.0
128.768707331	1660.49218568	0.0
128.261642511	1661.32995424	0.0
127.683059748	1662.29980287	0.0
127.204299982	1663.11181459	0.0
126.641418512	1663.99255189	0.0
126.209671076	1664.65112123	0.0
125.386230524	1665.91662416	0.0
124.956611687	1666.57238588	0.0
124.276763971	1667.61022767	0.0
123.698730524	1668.50219545	0.0
123.190025385	1669.28246889	0.0
122.594741876	1670.12646302	0.0
121.898941095	1671.05236635	0.0
121.563491876	1671.50768861	0.0
120.739021357	1672.59887513	0.0
120.135109003	1673.33227357	0.0
119.588874872	1674.01684389	0.0
118.84709936	1674.92809877	0.0
118.298706109	1675.54272279	0.0
117.68479162	1676.18408022	0.0
117.221900996	1676.67834291	0.0
116.219024714	1677.73425111	0.0
115.738662774	1678.2384015	0.0
115.016830499	1678.99731264	0.0
114.335601862	1679.71179018	0.0
113.589965874	1680.50829896	0.0
113.589965874	1681.18652162	0.0
112.927970942	1681.18652162	0.0
112.450004633	1681.64257631	0.0
111.596405084	1682.40929994	0.0
111.032684381	1682.92040834	0.0
110.343818719	1683.55029115	0.0
109.794067439	1684.0373517	0.0
108.982124384	1684.68810854	0.0
107.811348015	1685.56139955	0.0
107.133270318	1686.06457338	0.0
106.341407832	1686.6491681	0.0
105.778442439	1687.0653058	0.0
104.99023443	1687.64806947	0.0
104.304138238	1688.16674623	0.0
103.721687372	1688.5878888	0.0
103.05953985	1689.02160463	0.0
102.287742669	1689.49548158	0.0
101.621208247	1689.91052065	0.0
101.096176202	1690.23217592	0.0
100.089370782	1690.84875307	0.0
99.5172653749	1691.20031557	0.0
98.6352844795	1691.74072084	0.0
97.8085251414	1692.24670228	0.0
97.0089951101	1692.74035462	0.0
96.2639694763	1693.19897279	0.0
95.5128784729	1693.62695131	0.0
94.5965424142	1694.10375795	0.0
93.5373611997	1694.6701642	0.0
92.6452713572	1695.14318666	0.0
91.7814102719	1695.56689272	0.0
90.8192368098	1695.97558412	0.0
90.1041412912	1696.28246889	0.0
89.1154480524	1696.70117006	0.0
88.4141235891	1696.99548158	0.0
87.3479080755	1697.44372377	0.0
86.4129181461	1697.83703431	0.0
85.2788391661	1698.31371889	0.0
84.2575913019	1698.74389467	0.0
83.5192184995	1699.05480775	0.0
82.2204514098	1699.6064435	0.0
81.4698639463	1699.92004213	0.0
80.3788910459	1700.35265932	0.0
79.4079590386	1700.74316225	0.0
78.2657929008	1701.20019349	0.0
77.2731705254	1701.59704408	0.0
76.3983231144	1701.94665346	0.0
75.3728561946	1702.35668764	0.0
74.2758408141	1702.79528627	0.0
73.2882004337	1703.18066225	0.0
72.4613571705	1703.51977357	0.0
71.5664825984	1703.93517885	0.0
70.6726914007	1704.3543683	0.0
69.6538315378	1704.84264955	0.0
69.0828323913	1705.11865053	0.0
67.8080521182	1705.73400697	0.0
67.116996819	1706.06762514	0.0
66.0495758602	1706.58227357	0.0
65.0413971502	1707.06701479	0.0
64.0379944386	1707.5418683	0.0
62.8389397209	1708.15478334	0.0
61.9516373226	1708.65051088	0.0
61.0314751231	1709.223631	0.0
60.2303658085	1709.79943666	0.0
59.4812737055	1710.31908998	0.0
58.7070808968	1710.89599428	0.0
58.1040192194	1711.38171205	0.0
57.2288322995	1712.14538392	0.0
56.6434975223	1712.64172182	0.0
55.8698120668	1713.32116518	0.0
55.8698120668	1713.99279603	0.0
55.1873055058	1713.99279603	0.0
54.5596085141	1714.59997377	0.0
53.910392816	1715.23437318	0.0
53.3092079707	1715.82153138	0.0
52.4456558784	1716.66406068	0.0
51.8943596428	1717.2416974	0.0
51.178859766	1718.05138978	0.0
50.5812264049	1718.72521791	0.0
49.8937187754	1719.49365053	0.0
49.2660637446	1720.25378236	0.0
48.7039604741	1720.99145326	0.0
48.2702484682	1721.54919252	0.0
47.5669861379	1722.46423158	0.0
46.9467468818	1723.27026185	0.0
46.5702095578	1723.75121888	0.0
45.8104096008	1724.76977357	0.0
45.2224274224	1725.64257631	0.0
44.6432381226	1726.55077943	0.0
43.9680290777	1727.58105287	0.0
43.4307442255	1728.45226869	0.0
42.8935013359	1729.39098939	0.0
42.4615059445	1730.27636537	0.0
42.2198982796	1730.76537904	0.0
41.6208267757	1731.97753725	0.0
41.2218018117	1732.88134584	0.0
40.9217453543	1733.66003236	0.0
40.5896149229	1734.48986635	0.0
40.1944161016	1735.48034486	0.0
39.8599701466	1736.33959779	0.0
39.2679062428	1738.14867982	0.0
39.0499153677	1738.86620912	0.0
39.0499153677	1739.98034487	0.0
38.403316552	1740.96240053	0.0
38.0481186471	1742.114256	0.0
37.7831574032	1743.14440737	0.0
37.5268021188	1744.11303529	0.0
37.2535172053	1745.12389955	0.0
36.9818192083	1746.25622377	0.0
36.780139979	1747.27087221	0.0
36.6067429128	1748.50829897	0.0
36.4981842599	1749.5307599	0.0
36.4981842599	1750.44140443	0.0
36.2815628605	1751.53246888	0.0
36.2113075799	1752.20080385	0.0
36.092113551	1753.33239564	0.0
35.9360275812	1754.75329408	0.0
35.8289108825	1755.81457338	0.0
35.7606659487	1756.92126283	0.0
35.6850052439	1758.04833803	0.0
35.5956802909	1759.32946596	0.0
35.5329590401	1760.42358217	0.0
35.4995384755	1761.80053529	0.0
35.5241013131	1762.58007631	0.0
35.5729637689	1763.76952943	0.0
35.6187210622	1764.80529604	0.0
35.6791802014	1766.02013978	0.0
35.7323265634	1767.04662904	0.0
35.7476807197	1767.55639467	0.0
35.7408218926	1769.16174135	0.0
35.7371292653	1770.28539857	0.0
35.7300110416	1771.31347474	0.0
35.7234001711	1772.37719545	0.0
35.715435083	1773.60497865	0.0
35.7087975107	1774.67712221	0.0
35.7035408575	1775.48376283	0.0
35.694038445	1776.98437318	0.0
35.6875954226	1778.02270326	0.0
35.6792755669	1779.41772279	0.0
35.667991693	1780.46471986	0.0
35.6655464723	1781.56957826	0.0
35.7009964545	1782.77648744	0.0
35.7252350412	1783.84972963	0.0
35.7402535029	1784.4929181	0.0
35.7779388969	1785.90673646	0.0
35.8193932138	1787.25658998	0.0
35.8358269276	1788.19506654	0.0
35.8354111256	1789.51208314	0.0
35.839660699	1790.52844057	0.0
35.8420067375	1791.66662416	0.0
35.8443489617	1792.51794252	0.0
35.8482475828	1794.05810365	0.0
35.8508110606	1795.19372377	0.0
35.8525162294	1796.3153058	0.0
35.8525162294	1797.78185853	0.0
35.8560524543	1799.12524232	0.0
35.8571663463	1800.3021222	0.0
35.8580551688	1801.26867494	0.0
35.8614235465	1802.78527651	0.0
35.8697968077	1803.74462709	0.0
35.8406448911	1804.8913556	0.0
35.8406448911	1806.17736634	0.0
35.7913971495	1807.3095685	0.0
35.7664032541	1808.46948061	0.0
35.7316742503	1809.68737611	0.0
35.7234955377	1810.84350404	0.0
35.7245255059	1812.11352357	0.0
35.7256661021	1813.24474916	0.0
35.7290916992	1814.56725892	0.0
35.7314987736	1815.6644269	0.0
35.7246780946	1816.70422182	0.0
35.7392845702	1817.77429018	0.0
35.8344154903	1819.91979798	0.0
35.8848877498	1820.97692689	0.0
35.9648438049	1821.85278138	0.0
36.0671082094	1823.12084779	0.0
36.1386032649	1824.05492982	0.0
36.2217751107	1825.00622377	0.0
36.3045044494	1825.73693666	0.0
36.4906349728	1826.98657045	0.0
36.6740341741	1827.87548646	0.0
36.9358254037	1828.84826478	0.0
37.2111931402	1829.65441713	0.0
37.5252838689	1830.40527162	0.0
38.0317917421	1831.34728822	0.0
38.3154717042	1831.85790834	0.0
38.9145546514	1832.93029604	0.0
39.341999109	1833.65539369	0.0
39.8532143188	1834.45763978	0.0
40.2555542543	1835.04076967	0.0
41.0962334225	1836.13061342	0.0
41.6066742488	1836.70104799	0.0
42.5640526369	1837.75085267	0.0
43.1691780632	1838.4168683	0.0
43.9603462768	1839.28381166	0.0
44.7085648137	1840.09130678	0.0
45.3406563359	1840.81542787	0.0
46.1916313713	1841.84557924	0.0
46.8241081778	1842.60388002	0.0
47.4966812691	1843.42931947	0.0
48.0003090457	1844.03088197	0.0
48.90794378	1845.04675111	0.0
49.6925049384	1845.84387025	0.0
50.3936539243	1846.48351869	0.0
51.1135063719	1847.07006654	0.0
51.9520454953	1847.66674623	0.0
52.6897545421	1848.11816225	0.0
53.4662476142	1848.52062806	0.0
54.2332649787	1848.82702455	0.0
54.9634514406	1849.09802064	0.0
55.8266754705	1849.41161927	0.0
56.7892304023	1849.7338849	0.0
57.6984673096	1849.99340639	0.0
58.7547607973	1850.25317201	0.0
59.6532326287	1850.46325502	0.0
60.6083527152	1850.66345033	0.0
61.7596703129	1850.85961732	0.0
63.1129952029	1851.01782045	0.0
64.0945664013	1851.10388002	0.0
65.2597580514	1851.18322572	0.0
66.6536484322	1851.27197084	0.0
67.5971680239	1851.34008607	0.0
68.9409409123	1851.43749818	0.0
70.2408905588	1851.52880678	0.0
71.6165543157	1851.62804994	0.0
72.8785477245	1851.71960268	0.0
74.1677399228	1851.81347475	0.0
75.6867065985	1851.92333803	0.0
76.6692581725	1851.99438295	0.0
78.7307739815	1852.14098939	0.0
80.0274963927	1852.23852357	0.0
81.1565857494	1852.3231183	0.0
82.4348602836	1852.41869935	0.0
83.924331721	1852.5307599	0.0
85.2152557932	1852.62792787	0.0
85.8728867125	1852.67736635	0.0
88.1351166319	1852.86059389	0.0
89.2427444999	1852.96813783	0.0
90.591781671	1853.09911928	0.0
91.888183649	1853.22717104	0.0
93.3350754324	1853.37096986	0.0
94.6545639599	1853.50085268	0.0
95.7994232727	1853.61559877	0.0
97.2402725776	1853.7585431	0.0
98.7389145452	1853.90685854	0.0
100.006614741	1854.00781068	0.0
101.124328667	1854.10070619	0.0
102.712890679	1854.23010072	0.0
103.692970332	1854.31323061	0.0
105.17169195	1854.42748842	0.0
106.180656489	1854.47570619	0.0
107.948692377	1854.56957826	0.0
109.230117853	1854.63647279	0.0
110.301666314	1854.69177064	0.0
111.890037592	1854.77587709	0.0
113.039428765	1854.83788881	0.0
114.334457453	1854.90893373	0.0
115.775734003	1854.97350893	0.0
117.325164849	1855.01305971	0.0
118.707153375	1855.04894838	0.0
120.034210259	1855.08178529	0.0
121.040710504	1855.10717592	0.0
122.915451105	1855.15588197	0.0
124.292198237	1855.19164857	0.0
125.475410516	1855.22949037	0.0
126.476028497	1855.24975404	0.0
128.412216241	1855.26525697	0.0
129.481628474	1855.27514467	0.0
131.000518854	1855.28698549	0.0
132.169815119	1855.29430971	0.0
133.477706963	1855.31188783	0.0
134.637146052	1855.32018861	0.0
135.798263606	1855.29345522	0.0
137.001251275	1855.21117982	0.0
138.071624811	1855.11059388	0.0
139.381973322	1854.98547181	0.0
140.436538751	1854.88940248	0.0
141.618026789	1854.75842103	0.0
142.601364191	1854.61266908	0.0
143.817016656	1854.45202455	0.0
144.827896173	1854.30212221	0.0
145.55702215	1854.16210756	0.0
146.889724786	1853.90173158	0.0
147.606079158	1853.76135072	0.0
148.964691217	1853.49133119	0.0
150.015029963	1853.29089174	0.0
150.892303522	1853.10864076	0.0
151.626846369	1852.92883119	0.0
152.552963313	1852.68310365	0.0
153.814376885	1852.36291322	0.0
154.856399591	1852.04528627	0.0
155.77400213	1851.78320131	0.0
156.75271612	1851.48242006	0.0
157.592132623	1851.19299135	0.0
158.401428279	1850.86108217	0.0
159.25761419	1850.51318178	0.0
159.998428401	1850.16467104	0.0
160.794494684	1849.74084291	0.0
161.476532037	1849.29662904	0.0
162.155593928	1848.83495912	0.0
162.77285772	1848.41283998	0.0
163.495834405	1847.90966615	0.0
164.16513067	1847.44347963	0.0
164.682022149	1847.08337221	0.0
165.650238092	1846.4090558	0.0
166.396133479	1845.88952455	0.0
167.249008234	1845.30590639	0.0
167.960159356	1844.79955873	0.0
168.530975397	1844.3477765	0.0
169.253814752	1843.786131	0.0
170.01731878	1843.18810853	0.0
170.883819634	1842.50658998	0.0
171.473358209	1842.04125795	0.0
171.473358209	1841.46191225	0.0
172.20935064	1841.46191225	0.0
172.975311335	1840.86584291	0.0
173.848785454	1840.14001283	0.0
174.550979668	1839.48608217	0.0
175.320602471	1838.73327455	0.0
176.010818537	1838.07836732	0.0
176.718658502	1837.33605775	0.0
177.331634576	1836.67370424	0.0
178.069168147	1835.88268861	0.0
178.697128351	1835.21117982	0.0
179.280746514	1834.57568178	0.0
179.966247614	1833.78027162	0.0
180.579620416	1833.00573549	0.0
181.257156427	1832.03954896	0.0
181.812759454	1831.18481264	0.0
182.436325128	1830.24853334	0.0
182.968124446	1829.38195619	0.0
183.407928521	1828.58520326	0.0
183.931762751	1827.56445131	0.0
184.488739068	1826.5093976	0.0
184.488739068	1825.54504213	0.0
185.338256891	1824.71020326	0.0
185.766555841	1823.70556459	0.0
186.233718926	1822.60375795	0.0
186.648162896	1821.61462221	0.0
187.03044134	1820.70165834	0.0
187.507476861	1819.56091127	0.0
187.826355035	1818.80200013	0.0
188.352844293	1817.54760561	0.0
188.795303399	1816.51757631	0.0
189.170547541	1815.56799135	0.0
189.522979791	1814.58654604	0.0
189.803802545	1813.8218976	0.0
190.115188654	1812.96349916	0.0
190.501205499	1811.92114076	0.0
190.825073298	1810.95788392	0.0
191.239776667	1809.67870912	0.0
191.535949761	1808.7717267	0.0
191.875137385	1807.75182924	0.0
192.122512871	1806.97949037	0.0
192.550109918	1805.47314271	0.0
192.756118829	1804.53100404	0.0
192.962097223	1803.52734193	0.0
193.206390435	1802.3564435	0.0
193.476699884	1801.04101381	0.0
193.700317437	1799.94872865	0.0
193.918121393	1798.90319643	0.0
194.143981988	1797.81811342	0.0
194.35061651	1796.62206849	0.0
194.491760308	1795.48522767	0.0
194.568679864	1794.61828431	0.0
194.717544611	1793.03295717	0.0
194.796463068	1792.16784486	0.0
194.920074518	1790.80236635	0.0
195.027267512	1789.60949525	0.0
195.124008233	1788.54528627	0.0
195.244979913	1787.19445619	0.0
195.361526545	1785.80041322	0.0
195.493499811	1784.64538392	0.0
195.60478216	1783.65588197	0.0
195.766937311	1782.22375307	0.0
195.902221735	1781.08056459	0.0
196.039291436	1779.90038881	0.0
196.112014825	1778.99914369	0.0
196.252899225	1777.02209291	0.0
196.316284234	1776.11681947	0.0
196.427795466	1774.50390443	0.0
196.509201104	1773.31274233	0.0
196.594146784	1772.21972475	0.0
196.655258234	1771.0151349	0.0
196.677078301	1769.6779767	0.0
196.700912531	1768.51476869	0.0
196.720398004	1767.44494447	0.0
196.742813164	1766.20422181	0.0
196.767227227	1764.80248842	0.0
196.789627131	1763.57324037	0.0
196.812347467	1762.14379701	0.0
196.828842218	1761.20837221	0.0
196.872085627	1759.801756	0.0
196.914169366	1758.32897767	0.0
196.951141411	1757.09618959	0.0
196.987548882	1755.90344056	0.0
197.02539068	1754.6422101	0.0
197.069885308	1753.16552552	0.0
197.116134698	1751.90405091	0.0
197.131759699	1750.96423158	0.0
197.12985235	1749.27282533	0.0
197.130920464	1748.35351381	0.0
197.129959161	1746.83740053	0.0
197.129165705	1745.21398744	0.0
197.128112848	1744.00573549	0.0
197.126678522	1742.72631654	0.0
197.125091608	1741.42004213	0.0
197.123718316	1740.20165834	0.0
197.122390801	1739.1927472	0.0
197.11648565	1737.48022279	0.0
197.125335749	1736.47070131	0.0
197.135040337	1734.93432435	0.0
197.14508062	1733.57385072	0.0
197.15606695	1731.91979799	0.0
197.162536677	1730.88183412	0.0
197.172134454	1729.00951967	0.0
197.181152398	1727.58495912	0.0
197.188781792	1726.24877748	0.0
197.189041193	1724.87402162	0.0
197.230773982	1723.49279603	0.0
197.28485113	1721.88732728	0.0
197.33245855	1720.54052553	0.0
197.385971125	1719.04553041	0.0
197.435409601	1717.65075502	0.0
197.492721614	1716.04125795	0.0
197.537475641	1714.88158998	0.0
197.590393122	1713.40637026	0.0
197.590530451	1712.07958802	0.0
197.582550104	1710.56689272	0.0
197.573410089	1709.54650697	0.0
197.557495172	1707.92956361	0.0
197.541320856	1706.30273256	0.0
197.527572686	1704.90502748	0.0
197.510284478	1703.18005189	0.0
197.48822027	1701.74865541	0.0
197.493331964	1700.38390932	0.0
197.495300348	1699.03027162	0.0
197.496704157	1698.32739076	0.0
197.500015314	1696.97619447	0.0
197.506332452	1694.56591615	0.0
197.510192927	1693.13183412	0.0
197.513626153	1691.6689435	0.0
197.517562922	1690.03722963	0.0
197.520553643	1688.56310853	0.0
197.52375799	1687.21203432	0.0
197.519943293	1685.8062726	0.0
197.554519707	1684.317381	0.0
197.583908136	1682.84069643	0.0
197.583908136	1681.20409975	0.0
197.645233209	1679.7684308	0.0
197.677627618	1678.15258607	0.0
197.706481989	1676.75268373	0.0
197.736434992	1675.34838685	0.0
197.768096978	1673.82995424	0.0
197.797103936	1672.4312726	0.0
197.824234064	1671.10876283	0.0
197.858993585	1669.39806947	0.0
197.885116632	1668.10156068	0.0
197.912017877	1666.75573549	0.0
197.938232477	1665.44543276	0.0
197.96150213	1664.28100404	0.0
197.989547785	1662.40844545	0.0
198.044494683	1661.07348451	0.0
198.117828425	1659.74975404	0.0
198.203140315	1658.21288881	0.0
198.277252253	1656.91174135	0.0
198.344986017	1655.72533998	0.0
198.420501763	1654.40087709	0.0
198.46037298	1653.70629701	0.0
198.531692559	1652.46874818	0.0
198.607208306	1651.12060365	0.0
198.694351251	1649.79052553	0.0
198.782669122	1648.41003236	0.0
198.882705742	1646.86645326	0.0
198.969207819	1645.5007306	0.0
199.046447808	1644.14733705	0.0
199.151733453	1642.71728334	0.0
199.301361139	1641.40185365	0.0
199.48794561	1639.80334291	0.0
199.648712214	1638.4682599	0.0
199.798950249	1637.22533998	0.0
199.971435601	1635.79736147	0.0
200.173675592	1634.17297182	0.0
200.275421198	1633.14745912	0.0
200.398147638	1631.28539857	0.0
200.491455134	1629.85546693	0.0
200.595413264	1628.21240053	0.0
200.684753474	1626.79028139	0.0
200.775604303	1625.34826478	0.0
200.880813654	1623.68115053	0.0
200.970352228	1622.26305971	0.0
201.050781304	1620.97582826	0.0
201.167968804	1619.12463197	0.0
201.258239802	1617.69335756	0.0
201.351623591	1616.22643861	0.0
201.461288506	1614.49902162	0.0
201.5629273	1613.02526674	0.0
201.636184747	1611.34899721	0.0
201.645599421	1610.61645326	0.0
201.678985651	1608.54492005	0.0
201.695709284	1607.25805482	0.0
201.713348443	1605.8186017	0.0
201.733963068	1604.18200502	0.0
201.752410943	1602.68749818	0.0
201.766281182	1601.60961732	0.0
201.787445123	1599.47912416	0.0
201.800705012	1598.40673647	0.0
201.869949397	1596.49853334	0.0
201.92370611	1594.96887025	0.0
201.963546809	1593.87902651	0.0
202.030197198	1592.05261049	0.0
202.097305353	1590.42736635	0.0
202.126541193	1588.95751772	0.0
202.126174982	1588.22204408	0.0
202.128006037	1586.08263979	0.0
202.125579889	1584.95763978	0.0
202.120483454	1582.88708315	0.0
202.118545588	1581.79870424	0.0
202.114517267	1579.79589662	0.0
202.111969049	1578.69067201	0.0
202.107467706	1576.8621808	0.0
202.10452276	1575.54907045	0.0
202.102218683	1573.89709291	0.0
202.09317022	1572.39733705	0.0
202.110092218	1571.03600893	0.0
202.122619684	1569.68237123	0.0
202.136993462	1568.19347963	0.0
202.151367243	1566.81396303	0.0
202.165023858	1565.37280092	0.0
202.177627618	1564.13171205	0.0
202.189544733	1562.91015443	0.0
202.204269465	1561.39086732	0.0
202.207672175	1560.0073224	0.0
202.213211114	1558.36413392	0.0
202.21681219	1556.97546205	0.0
202.218887383	1555.91332826	0.0
202.222152765	1553.90148744	0.0
202.219650323	1552.8408185	0.0
202.2509461	1550.9616681	0.0
202.26756292	1549.82348451	0.0
202.292099053	1548.22692689	0.0
202.306945856	1547.18652162	0.0
202.333526665	1545.433714	0.0
202.359512384	1543.65722475	0.0
202.370086725	1542.96362123	0.0
202.399643	1541.05029115	0.0
202.421691949	1539.54052553	0.0
202.446548517	1537.87170228	0.0
202.477767999	1536.42443666	0.0
202.470398004	1534.80993471	0.0
202.466644342	1533.39123353	0.0
202.460662897	1532.01098451	0.0
202.455123957	1530.4201642	0.0
202.450393732	1529.06420717	0.0
202.436828669	1527.57201967	0.0
202.455352837	1525.95312318	0.0
202.48544317	1524.22460756	0.0
202.50495916	1523.18395814	0.0
202.534942683	1521.54577455	0.0
202.568679866	1519.73107729	0.0
202.59153753	1518.81786928	0.0
202.603561457	1518.31384096	0.0
202.604309138	1516.7248517	0.0
202.578903254	1514.92089662	0.0
202.554718072	1513.47009095	0.0
202.52374273	1511.71154603	0.0
202.498992974	1510.60082826	0.0
202.478622491	1508.96105775	0.0
202.49351507	1507.55639467	0.0
202.506332452	1505.9793683	0.0
202.520752008	1504.56493959	0.0
202.537262018	1502.83349427	0.0
202.554016168	1501.34496889	0.0
202.567627008	1500.18432436	0.0
202.59266668	1498.074339	0.0
202.609664973	1496.5908185	0.0
202.623779352	1495.29113588	0.0
202.642486626	1493.50121889	0.0
202.655746515	1492.19262514	0.0
202.674865777	1490.40087709	0.0
202.689712579	1489.09057436	0.0
202.709182794	1487.29626283	0.0
202.725219781	1485.97961244	0.0
202.745590264	1484.2416974	0.0
202.759017999	1483.15185365	0.0
202.782241876	1481.32800112	0.0
202.809478815	1479.79382142	0.0
202.802002008	1478.09057436	0.0
202.785614069	1476.6031476	0.0
202.767791802	1475.26440248	0.0
202.74780279	1473.81493959	0.0
202.733825738	1472.64953432	0.0
202.716323908	1471.31762514	0.0
202.716323908	1469.8967267	0.0
202.681304986	1468.52331361	0.0
202.681304986	1467.11865053	0.0
202.73193365	1465.43835268	0.0
202.756485041	1463.97888002	0.0
202.775817926	1462.84301576	0.0
202.807708794	1460.97131166	0.0
202.833694513	1459.45519838	0.0
202.867385919	1457.86303529	0.0
202.886291559	1456.24023256	0.0
202.862854059	1454.39159975	0.0
202.827499444	1452.71105775	0.0
202.790908868	1451.17590151	0.0
202.753768976	1449.73217592	0.0
202.693466241	1447.30602846	0.0
202.687255914	1445.55029115	0.0
202.690429742	1443.78869447	0.0
202.696167048	1441.73571596	0.0
202.701324517	1439.94677553	0.0
202.706893976	1438.19335756	0.0
202.712020929	1436.40527162	0.0
202.718139703	1434.32324037	0.0
202.723251398	1432.58019838	0.0
202.729934748	1430.34411439	0.0
202.733505305	1429.00439271	0.0
202.739791924	1426.81506166	0.0
202.745193537	1425.01098451	0.0
202.750412043	1423.13720522	0.0
202.753692681	1421.79174623	0.0
202.759841973	1419.25488099	0.0
202.76492315	1417.2038556	0.0
202.768341119	1415.79614076	0.0
202.773681695	1413.6076642	0.0
202.777999932	1411.73425111	0.0
202.780929621	1410.31762514	0.0
202.786651665	1407.69384584	0.0
202.783981378	1405.77807436	0.0
202.803085383	1404.11364564	0.0
202.83070379	1402.12524232	0.0
202.862182673	1399.96069154	0.0
202.889144954	1398.11974916	0.0
202.916793878	1396.38183412	0.0
202.940551813	1394.60851869	0.0
202.940551813	1393.24889955	0.0
202.936203058	1390.83263978	0.0
202.922287043	1388.82092103	0.0
202.917083796	1386.97863588	0.0
202.909240777	1385.16003236	0.0
202.901107842	1383.06554994	0.0
202.894668634	1381.21533022	0.0
202.888931329	1379.54015932	0.0
202.880813654	1377.16137514	0.0
202.874618586	1375.37035951	0.0
202.874618586	1373.59716615	0.0
202.861923274	1372.0250226	0.0
202.850540216	1370.07653627	0.0
202.839920098	1368.30871401	0.0
202.842727715	1366.74462709	0.0
202.879653986	1365.4099103	0.0
203.046997125	1362.98437318	0.0
203.198440608	1361.30138979	0.0
203.340148981	1359.80138978	0.0
203.480361994	1358.32409487	0.0
203.641525324	1356.62475404	0.0
203.772674614	1355.14929018	0.0
203.955978449	1353.55151186	0.0
204.118820245	1352.14379701	0.0
204.274215754	1350.81689271	0.0
204.490142876	1348.97900209	0.0
204.641357477	1347.68786439	0.0
204.808197077	1346.26147279	0.0
204.972473199	1344.85558901	0.0
205.200027522	1342.91454896	0.0
205.372161921	1341.45178041	0.0
205.532791192	1340.07909975	0.0
205.759658868	1338.22595033	0.0
205.889526423	1336.87475404	0.0
206.011200005	1335.38867006	0.0
206.118942316	1334.0607892	0.0
206.275756891	1332.08459291	0.0
206.328857477	1331.41454896	0.0
206.496398982	1329.29931459	0.0
206.622070368	1327.71325502	0.0
206.736099298	1326.27197084	0.0
206.851516778	1324.81481752	0.0
206.986480767	1323.10754213	0.0
207.072708184	1321.98559389	0.0
207.128982598	1321.19653139	0.0
207.24150091	1319.93981752	0.0
207.442047175	1318.17956361	0.0
207.59582525	1316.82177553	0.0
207.755157525	1315.43749819	0.0
207.94386297	1313.80126771	0.0
208.100524956	1312.44433412	0.0
208.180221612	1311.75439271	0.0
208.459640559	1309.34521303	0.0
208.571273859	1308.31616029	0.0
208.830322321	1306.38610658	0.0
208.977645929	1305.32043276	0.0
209.201187189	1303.7059308	0.0
209.450378473	1301.97497376	0.0
209.450378473	1301.03368959	0.0
209.745086725	1299.22253236	0.0
209.836669976	1297.98254213	0.0
209.954513605	1296.35656557	0.0
210.036666926	1295.21154604	0.0
210.13262945	1293.88256654	0.0
210.247314509	1292.29174623	0.0
210.318649347	1291.30224428	0.0
210.318649347	1289.85961732	0.0
210.564132746	1287.9838849	0.0
210.612869318	1286.71679506	0.0
210.646347102	1285.6031476	0.0
210.691558894	1284.0418683	0.0
210.721023616	1282.93676576	0.0
210.754241998	1281.70873842	0.0
210.779327447	1280.78124818	0.0
210.833892878	1278.75793275	0.0
210.860473688	1277.7762433	0.0
210.916198785	1275.97448549	0.0
210.912628228	1275.04699526	0.0
210.900528008	1273.34472475	0.0
210.890548761	1272.11681947	0.0
210.878616387	1270.82824526	0.0
210.867355402	1269.61608705	0.0
210.862289484	1268.1356183	0.0
210.834564265	1266.89575014	0.0
210.761932429	1265.56164369	0.0
210.698303278	1264.34899721	0.0
210.618667658	1262.93285951	0.0
210.566421564	1262.01098451	0.0
210.481384332	1260.63708314	0.0
210.426010186	1259.24206361	0.0
210.384780939	1258.06066713	0.0
210.384780939	1256.61157045	0.0
210.296905572	1255.4304181	0.0
210.251312311	1254.03014955	0.0
210.212966974	1252.85485658	0.0
210.168640192	1251.49413881	0.0
210.127105768	1250.25890931	0.0
210.088562066	1249.32348451	0.0
210.06394964	1247.58483705	0.0
210.047622736	1246.65966615	0.0
210.023178156	1245.16259584	0.0
209.998733575	1243.61816225	0.0
209.981185968	1242.51550111	0.0
209.939285332	1239.85375795	0.0
209.920333917	1238.6491681	0.0
209.902999933	1237.54577455	0.0
209.877594049	1235.94116029	0.0
209.855423029	1234.52795229	0.0
209.82806402	1233.25634584	0.0
209.834030207	1232.31030092	0.0
209.849273736	1230.60864076	0.0
209.861908014	1229.36279115	0.0
209.878234918	1227.91674623	0.0
209.892456109	1226.62475404	0.0
209.913162286	1225.0463849	0.0
209.931045587	1223.79333315	0.0
209.900939997	1222.36034974	0.0
209.866989191	1220.82153139	0.0
209.843643244	1219.86572084	0.0
209.796340998	1218.00622377	0.0
209.771911676	1217.04662904	0.0
209.731460626	1215.46484193	0.0
209.697387751	1214.12817201	0.0
209.65882879	1212.61865053	0.0
209.622955377	1211.20641908	0.0
209.584793146	1209.6968976	0.0
209.551025446	1208.35729799	0.0
209.504776056	1206.82739076	0.0
209.489410456	1205.58727846	0.0
209.487594658	1204.63354311	0.0
209.481140191	1202.84191713	0.0
209.479553277	1202.10168275	0.0
209.476730401	1200.47533998	0.0
209.473907525	1199.23559389	0.0
209.47196966	1197.73095521	0.0
209.469680842	1196.39855776	0.0
209.466491754	1194.86327943	0.0
209.463714654	1193.54894838	0.0
209.461563165	1192.55200014	0.0
209.457763727	1190.81786928	0.0
209.455184991	1189.49328432	0.0
209.451934869	1187.91772279	0.0
209.449203546	1186.55383119	0.0
209.446167048	1185.05163393	0.0
209.443512017	1183.69775209	0.0
209.440856988	1182.47753724	0.0
209.436554009	1180.61047181	0.0
209.433548029	1179.28478822	0.0
209.433548029	1177.93810854	0.0
209.426773126	1176.34008608	0.0
209.423400933	1174.98510561	0.0
209.419769342	1173.614256	0.0
209.415527398	1171.98693666	0.0
209.411987359	1170.67260561	0.0
209.411987359	1169.21264467	0.0
209.405273493	1167.8522931	0.0
209.402221735	1166.29528627	0.0
209.400192316	1164.99548158	0.0
209.398498589	1163.76733217	0.0
209.396926934	1162.44262514	0.0
209.394928033	1161.10595521	0.0
209.392852839	1159.92187318	0.0
209.391677911	1158.75707826	0.0
209.392532403	1157.0172101	0.0
209.401245172	1155.71789369	0.0
209.408783015	1154.52868471	0.0
209.417511041	1153.24487123	0.0
209.427703913	1151.72631654	0.0
209.427703913	1150.47021303	0.0
209.445541438	1149.06432924	0.0
209.453994806	1147.66430482	0.0
209.460662896	1146.34155092	0.0
209.463470514	1144.98937806	0.0
209.459945733	1143.86169252	0.0
209.462097223	1142.84301576	0.0
209.46929937	1141.71960268	0.0
209.489379937	1140.05334291	0.0
209.497543389	1139.53783998	0.0
209.51077276	1138.73486146	0.0
209.527572686	1137.79260072	0.0
209.537765558	1137.14806947	0.0
